 17 -91 -14
  8 -91  -7
 -7 -71  42
 15 -63  26
-12 -95 -13
 26 -79 -16
  6 -72  24
-40 -88  -6
 11 -66  42
-26 -90   3
-25 -98 -12
 27 -97 -13
-24 -91  19
 37 -81   1
-33 -79 -13
-18 -76 -24
  6 -81   6
 20 -86  -2
 43 -72  28
 -8 -81   7
 24 -87  24
-14 -91  31
 -3 -81  21
 33 -53  44
 27 -59  -9
-28 -79  19
 29 -77  25
-27 -71  37
-16 -77  34
 37 -84  13
  8 -72  11
 43 -78 -12
-42 -60  -9
 15 -87  37
 27 -37 -13
 58 -53 -14
 15 -77  31
 20 -66   2
-28 -58  48
-47 -76 -10
-18 -68   5
 46 -47 -17
 42 -66  -8
-47 -51 -21
 18 -47 -10
-15 -72  -8
-16 -52  -1
-42 -74   0
  4 -48  51
 40 -72  14
 22 -65  48
 42   0  47
 25 -58  60
 46 -59   4
-38 -27  69
-38 -15  69
-23 -30  72
 13 -33  75
-13 -17  75
-40 -19  54
 29 -17  71
  2 -28  60
 33 -12 -34
-16 -46  73
 -7 -33  72
 42 -20  55
 -7 -21  65
-21 -31  61
 66  -8  25
 10 -17  74
-37 -29 -26
 20 -29  60
-31 -10 -36
 10 -46  73
 22 -42  69
  3 -17  58
 50 -20  42
 38 -17  45
-29 -43  61
 29 -39  59
-16 -65 -20
 52 -34 -27
 22 -58 -23
  1 -62 -18
-14 -18  40
-49 -11  35
-53 -10  24
 51  -6  32
-17 -59  64
-54 -23  43
 43 -23  20
-55 -40  14
 36  -9  14
-56 -45 -24
-45 -32  47
-38 -33  17
 44  -8  57
-53 -22  23
  0 -15  47
 11 -39  50
-49 -26   5
-55  -9  12
 -5 -28  -4
 58 -16   7
 32 -26  13
 56  -5  13
 10 -62  61
 -7 -52  61
 10  -2  45
-10  -2  42
-30 -27  12
 59 -17  29
 19  -8  64
-32 -55 -25
-60 -25  14
-52 -63   5
 47 -30  49
  6 -24   0
 29  -5  54
-31 -11   0
-16  -5  71
-50 -34  26
 12 -17   8
-10 -18   7
 31 -14   2
 54 -28  34
 13  -1  70
 65 -33  20
-33 -46  47
-45   0   9
 -3   2  53
 29   1   4
 37   1  -4
  7   8  51
 49   8  -1
-51   8  -2
-34   3   4
 36  10   1
 -1  15  44
 23  10   1
-42  38  21
 31  33  26
 36  22   3
-32  -1  54
-35  20   0
 47  10  33
 15   5   7
 -5  18  34
-47  11  23
 10  22  27
-39  51  17
 38  43  15
-22   7  -5
  5  23  37
 37  32  -2
-21  41 -20
 24  32 -18
  9  -4   6
-23  11  64
 43  49  -2
 24  45 -15
 49 -42  45
-41   6  33
-11  26  25
 48  25  27
 48  22  10
 34  16  -8
-15   4   8
-42  25  30
 34  54 -13
 31  56  14
 26  50  27
  0  30  27
-42  45  -2
 55 -45  37
 -3  26  44
-34  55   4
-28  52  21
 12  36  20
 -2  38  36
-53 -49  43
 40  18  40
 -3  42  16
 44 -53  47
-42 -55  45
 34  38 -12
 32  14  56
-44   2  46
-10  11  67
 27  16 -17
 55 -31 -17
-49  25  -1
 53  33   1
-20  45  39
-11  45   8
 -2 -13  12
 22  39  39
 65 -31  -9
  8  42  -5
 49  35 -12
 54 -43  22
  2 -24  30
 37 -65  40
 -8  48  23
 -2 -37  44
-31  19 -19
-16  29  53
 13  30  59
  9  54   3
 -7  51  -1
 56 -46  11
-20  64  19
 65 -24 -19
-35  20  51
 35 -67 -34
 23  33  48
  6  54  16
 51 -29  -4
 13  55  38
-46  31 -13
 52 -33   8
 47 -50  29
-56 -50  10
 52 -59  36
-68 -41  -5
-58 -30  -4
-10  39  52
  6  64  22
-39 -75  44
 -2 -35  31
-18  63  -9
  8  41 -24
-49 -42   1
-41 -75  26
 17 -80 -34
-58 -26 -15
-10  55  39
 -3  44  -9
  8  48 -15
-44 -65  35
-68 -23 -16
 28 -77 -32
-34 -38 -16
  6  67  -4
-46 -61  21
-13 -40   1
 52   7 -30
 49  -3 -38
 17 -28 -17
 65 -12 -19
 52  -2 -16
 46  16 -30
  6 -59  35
-26 -40  -8
  8 -48  31
 -3 -49  13
-21 -22 -20
-50  -7 -39
-53   3 -27
 11 -54  17
-56 -13 -10
 -7 -55  27
-11 -56  16
-44  12 -34
