 23  33  48
 13  55  38
 22  39  39
 -2  38  36
-10  39  52
-10  55  39
-20  45  39
 26  50  27
  0  30  27
-11  26  25
-16  29  53
 10  22  27
 -3  26  44
  5  23  37
 -5  18  34
 -1  15  44
 40  18  40
 47  10  33
 13  30  59
 31  33  26
 32  14  56
 48  25  27
 38  43  15
 31  56  14
 12  36  20
 -8  48  23
  6  64  22
 -3  42  16
  6  54  16
-11  45   8
  9  54   3
 -7  51  -1
  8  42  -5
 -3  44  -9
  6  67  -4
-21  41 -20
-18  63  -9
  8  41 -24
  8  48 -15
 24  45 -15
 24  32 -18
 27  16 -17
 46  16 -30
 34  54 -13
 43  49  -2
 52   7 -30
 49  -3 -38
 34  38 -12
 48  22  10
 49  35 -12
 53  33   1
 36  22   3
 23  10   1
 37  32  -2
 34  16  -8
 15   5   7
 52  -2 -16
 36  10   1
 49   8  -1
 29   1   4
 37   1  -4
 31 -14   2
 36  -9  14
 32 -26  13
 56  -5  13
 43 -23  20
 29 -17  71
 58 -16   7
 29 -39  59
 59 -17  29
 65 -33  20
 25 -58  60
 55 -45  37
 54 -28  34
 44 -53  47
 52 -59  36
 49 -42  45
 38 -17  45
 51  -6  32
 66  -8  25
 33 -53  44
 47 -30  49
 50 -20  42
 42 -20  55
 47 -50  29
 54 -43  22
 52 -33   8
 56 -46  11
 37 -65  40
 42   0  47
 44  -8  57
 22 -65  48
 29  -5  54
 19  -8  64
  6 -24   0
 22 -42  69
 12 -17   8
 13  -1  70
 10 -46  73
  9  -4   6
-13 -17  75
  7   8  51
-10  11  67
-16  -5  71
-10 -18   7
 -2 -13  12
-21 -31  61
-23 -30  72
-17 -59  64
 20 -29  60
-16 -46  73
 -3   2  53
 13 -33  75
 10 -17  74
 -5 -28  -4
 -7 -21  65
 -7 -33  72
 10  -2  45
  3 -17  58
-10  -2  42
 10 -62  61
  2 -28  60
 -7 -52  61
-14 -18  40
  0 -15  47
 11 -39  50
  4 -48  51
 -2 -37  44
  2 -24  30
  8 -48  31
 11 -66  42
  6 -59  35
 15 -63  26
 11 -54  17
 -7 -55  27
 -2 -35  31
 20 -66   2
 15 -77  31
  6 -72  24
  6 -81   6
  8 -72  11
 -3 -49  13
 -7 -71  42
 -3 -81  21
-11 -56  16
-16 -77  34
 -8 -81   7
-18 -68   5
-13 -40   1
-16 -52  -1
-14 -91  31
-15 -72  -8
-28 -79  19
-27 -71  37
-24 -91  19
-39 -75  44
-12 -95 -13
-41 -75  26
-21 -22 -20
-26 -90   3
-26 -40  -8
-28 -58  48
 22 -58 -23
-18 -76 -24
-25 -98 -12
-16 -65 -20
-40 -88  -6
-32 -55 -25
-42 -74   0
-47 -76 -10
-33 -79 -13
-37 -29 -26
-34 -38 -16
  1 -62 -18
-47 -51 -21
-42 -60  -9
-42 -55  45
-31 -10 -36
-44 -65  35
-33 -46  47
-29 -43  61
-56 -45 -24
-52 -63   5
-46 -61  21
-53 -49  43
-56 -50  10
-49 -42   1
-45 -32  47
-68 -41  -5
-58 -26 -15
-31 -11   0
-50  -7 -39
-38 -27  69
-50 -34  26
-15   4   8
-30 -27  12
-54 -23  43
-68 -23 -16
-55 -40  14
-58 -30  -4
-22   7  -5
-53   3 -27
-34   3   4
-23  11  64
-38 -15  69
-32  -1  54
-20  64  19
-44   2  46
-49  25  -1
-51   8  -2
-40 -19  54
-42  45  -2
-31  19 -19
-34  55   4
-44  12 -34
-35  20  51
-28  52  21
-42  25  30
-42  38  21
-47  11  23
-39  51  17
-46  31 -13
-49 -11  35
-41   6  33
-45   0   9
-35  20   0
-53 -10  24
-56 -13 -10
-55  -9  12
-53 -22  23
-49 -26   5
-60 -25  14
-38 -33  17
  8 -91  -7
 15 -87  37
 18 -47 -10
 27 -59  -9
 27 -37 -13
 20 -86  -2
 46 -47 -17
 17 -28 -17
 35 -67 -34
 24 -87  24
 17 -80 -34
 26 -79 -16
 52 -34 -27
 29 -77  25
 40 -72  14
 17 -91 -14
 37 -81   1
 33 -12 -34
 37 -84  13
 51 -29  -4
 43 -72  28
 46 -59   4
 65 -31  -9
 58 -53 -14
 55 -31 -17
 65 -12 -19
 65 -24 -19
 28 -77 -32
 27 -97 -13
 43 -78 -12
 42 -66  -8
